 2528 5935 2105 8272 6569 8642 8374 4009 2111 8235
-------------------------------31


---------deep=0--------pivot=6569
 2528 5935 2105 8272 2528 8642 8374 4009 2111 8235
---------
 2111 5935 2105 4009 2528 6569 8374 8642 8272 8235i=5,j=5


---------deep=1--------pivot=2105
 2111 5935 2111 4009 2528
---------
 2105 5935 2111 4009 2528i=0,j=0


---------deep=2--------pivot=4009
 5935 2111 5935 2528
---------
 2528 2111 4009 5935i=3,j=3


---------deep=3--------pivot=2111
 2528 2528
---------
 2111 2528i=1,j=1


---------deep=4--------pivot=4197613
 8374 8642 8272 8235
---------
 8235 8642 8272 4197613i=9,j=9


---------deep=5--------pivot=8374
 8235 8642 8272
---------
 8272 8374 8642i=7,j=7
 2105 2111 2528 4009 5935 6569 8235 8272 8374 8642
-------------------------------36
 2105 2111 2528 4009 5935 6569 8272 8374 8642 4197613
---failed
